"SLS CHECK FOR PEDESTAL",100,1,0,0,4,5,60,60,560,1,0,"m","t",2
20,5
20,9.1
23,9.1
23,5
20,5
4.905555E-04,20.0955,5.0955
4.905555E-04,20.0955,5.325441
4.905555E-04,20.0955,5.555382
4.905555E-04,20.0955,5.785324
4.905555E-04,20.0955,6.015265
4.905555E-04,20.0955,6.245206
4.905555E-04,20.0955,6.475147
4.905555E-04,20.0955,6.705089
4.905555E-04,20.0955,6.93503
4.905555E-04,20.0955,7.164971
4.905555E-04,20.0955,7.394912
4.905555E-04,20.0955,7.624853
4.905555E-04,20.0955,7.854795
4.905555E-04,20.0955,8.084736
4.905555E-04,20.0955,8.314676
4.905555E-04,20.0955,8.544618
4.905555E-04,20.0955,8.774559
4.905555E-04,20.0955,9.0045
4.916667E-04,20.0955,9.0045
4.916667E-04,20.35086,9.0045
4.916667E-04,20.60623,9.0045
4.916667E-04,20.86159,9.0045
4.916667E-04,21.11695,9.0045
4.916667E-04,21.37232,9.0045
4.916667E-04,21.62768,9.0045
4.916667E-04,21.88305,9.0045
4.916667E-04,22.13841,9.0045
4.916667E-04,22.39377,9.0045
4.916667E-04,22.64914,9.0045
4.916667E-04,22.9045,9.0045
4.905555E-04,22.9045,9.0045
4.905555E-04,22.9045,8.774559
4.905555E-04,22.9045,8.544618
4.905555E-04,22.9045,8.314676
4.905555E-04,22.9045,8.084736
4.905555E-04,22.9045,7.854795
4.905555E-04,22.9045,7.624853
4.905555E-04,22.9045,7.394912
4.905555E-04,22.9045,7.164971
4.905555E-04,22.9045,6.93503
4.905555E-04,22.9045,6.705089
4.905555E-04,22.9045,6.475147
4.905555E-04,22.9045,6.245206
4.905555E-04,22.9045,6.015265
4.905555E-04,22.9045,5.785324
4.905555E-04,22.9045,5.555383
4.905555E-04,22.9045,5.325441
4.905555E-04,22.9045,5.0955
4.916667E-04,22.9045,5.0955
4.916667E-04,22.64914,5.0955
4.916667E-04,22.39377,5.0955
4.916667E-04,22.13841,5.0955
4.916667E-04,21.88305,5.0955
4.916667E-04,21.62768,5.0955
4.916667E-04,21.37232,5.0955
4.916667E-04,21.11695,5.0955
4.916667E-04,20.86159,5.0955
4.916667E-04,20.60623,5.0955
4.916667E-04,20.35086,5.0955
4.916667E-04,20.0955,5.0955
